# id	left	top	right	bottom	texture_id
[SPRITES]
	##GOOMBA##
#WALK
31001	4	14	20	29	10
31002	25	14	40	29	10
#DIE
31003	45	20	60	29	10
#PREPARE_FLY
31004	64	6	83	29	10
31005	87	6	106	29	10
31006	110	6	129	29	10
31007	134	6	153	29	10
#DEATH
31016	379	15	394	30	10
	##ParaGoomba##
#PREPARE_FLY
31008	129	37	148	55	10
31009	152	37	171	55	10
31010	175	32	194	55	10
31011	198	32	217	55	10
#WALK
31012	221	40	236	55	10
31013	239	40	254	55	10
#DIE
31014	257	47	272	55	10
#DEATH
31015	399	15	414	30	10
# ani_id	sprite1_id	time1	sprite2_id	time2	...
[ANIMATIONS]
##Goomba##
#WALK
5000	31001	100	31002	100
#DIE
5001	31003	100
#FLY_WALKING
5002	31004	100	31005	100 
#FLY
5003 	31004	100	31005	100	31006	100	31007	100
#DEATH
5008	31016	100
##ParaGoomba##
#FLY_WALKING
5004	31008	200	31009	200
#FLY
5005	31008	200	31011	200	31009	200	31010	200
#WALK
5006	31012	200	31013	200
#DIE
5007	31014	200
#DEATH
5009	31015	200

