# id	left	top	right	bottom	texture_id
[SPRITES]
#Black background
60000	0	0	520	300	100
#HUB
60001	0	0	223	27	101
#Speedbar
60010	4	11	67	18	102
60011	4	19	67	26	102
60012	4	27	67	34	102
60013	4	35	67	42	102
60014	4	43	67	50	102
60015	4	51	67	58	102
60016	4	59	67	66	102
60017	4	67	67	74	102
#ItemStack
60020	108	3	123	18	102
60021	128	3	143	18	102
60022	148	3	163	18	102
#Number
60030	4	2	11	9	102
60031	14	2	21	9	102
60032	24	2	31	9	102
60033	34	2	41	9	102
60034	44	2	51	9	102
60035	54	2	61	9	102
60036	64	2	71	9	102
60037	74	2	81	9	102
60038	84	2	91	9	102
60039	94	2	101	9	102
# ani_id	sprite1_id	time1	sprite2_id	time2	...
[ANIMATIONS]
#Black background
6000	60000	100
#HUB
6001	60001	100
#Speedbar
6010	60010	100
6011	60011	100
6012	60012	100
6013	60013	100
6014	60014	100
6015	60015	100
6016	60016	100
6017	60017	100
#ItemStack
6020	60020	100
6021	60021	100
6022	60022	100
#Number
6030	60030	200
6031	60031	200
6032	60032	200
6033	60033	200
6034	60034	200
6035	60035	200
6036	60036	200
6037	60037	200
6038	60038	200
6039	60039	200