# id	left	top	right	bottom	texture_id
[SPRITES]
##RED##
#WALK LEFT
33001	6	129	21	155	10
33002	28	129	43	155	10
#WALK RIGHT
33003	303	180	318	206	10
33004	325	180	339	206	10
#SHELL
34001	301	137	316	152	10
34002	322	136	337	151	10
34003	343	136	358	151	10
#KOOPATROOPA FLY LEFT
35001	425	168	440	194	10
35002	446	168	461	194	10
35003	467	168	482	194	10
35004	489	167	504	194	10
#KOOPATROOPA FLY RIGHT
35005	490	200	505	226	10
35006	469	200	484	226	10
35007	448	200	463	226	10
35008	426	199	441	226	10
##BLUE##
#WALK LEFT
33011	304	217	319	243	10
33012	326	217	341	243	10
#WALK RIGHT
33013	304	247	319	273	10
33014	326	247	341	273	10
#SHELL
34011	302	158	317	173	10
34012	323	157	338	172	10
34013	344	157	359	172	10
#KOOPATROOPA FLY LEFT
35011	93	129	108	155	10
35012	114	129	129	155	10
35013	135	129	150	155	10
35014	157	128	172	155	10
#KOOPATROOPA FLY RIGHT
35015	490	130	505	158	10
35016	469	130	484	158	10
35017	448	130	463	158	10
35018	426	131	441	158	10
# ani_id	sprite1_id	time1	sprite2_id	time2	...
[ANIMATIONS]
##RED##
#WALK LEFT & RIGHT
5100	33001	100	33002	100
5101	33003	100	33004	100
#DIE
5102	34001	100
#SHELL MOVE
5103	34001	100	34002	100	34003	100
#KOOPA PATRTROOPA FLY LEFT & RIGHT
5104 	35001	100	35002	100	35003	100	35004	100
5105 	35005	100	35006	100	35007	100	35008	100
##GREEN##
#WALK LEFT & RIGHT
5110	33011	100	33012	100
5111	33013	100	33014	100
#DIE
5112	34011	100
#SHELL MOVE
5113	34011	100	34012	100	34013	100
#KOOPA PATRTROOPA FLY LEFT & RIGHT
5114 	35011	100	35012	100	35013	100	35014	100
5115 	35015	100	35016	100	35017	100	35018	100