# list of object assets to load in this scene
[ASSETS]
sources\mario.txt
sources\brick.txt
sources\coin.txt
sources\goomba.txt
sources\koopa.txt
sources\platform.txt
sources\pipe.txt
sources\leaf.txt
sources\mushroom.txt
sources/piranhaplant.txt
sources/venusfiretrap.txt
sources/fire.txt
sources/endgame.txt
sources/pswicth.txt
#
[MAPS]
sources\map\map1_1.txt
#
[OBJECTS]
# type	x	y	extra_settings per object type
# type: 0 = Mario , 1 = Brick, 2 = Goomba, 3 = Koopas,4 coin, 5 platform, 6 pipe, 7 HiddenObject,8 PiranhaPlant, 9 VenusFireTrap 10 SPlatform
# See OBJECT_TYPE constants in AssetIDs.h


#SPlatform
10 	240	368	16	16	3	21007	21008	21009	
10 	240	368	16	16	3	21007	21008	21009	
10 	272	336	16	16	3	21016	21017	21018	

10 	400	368	16	16	5	21010	21011	21012
10 	464	336	16	16	4	21007	21008	21009	
10 	512	304	16	16	4	21013	21014	21015	
10 	512	384	16	16	6	21010	21011	21012


10 	1264	385	16	16	7	21010	21011	21012
10 	1296	352	16	16	7	21007	21008	21009	
10 	1328	320	16	16	7	21016	21017	21018	

10 	2144	368	16	16	3	21007	21008	21009	
10 	2176	272	16	16	3	21010	21011	21012	

10	1312	144	16 	16	4	21007	21008	21009

#QuestionBrick
1 	176	352 	5
1	192	352	5
1	224	304	5
1	240	304	6
1	416	320	5
1	656	384	6
1	704	352	5
1	1472	368	6
1	1440	128	4
# BRICKS
1 	1504	336	1
1 	1520 	336	1

1 	1568	400	1
1 	1584	400	1
1 	1600	400	1
1 	1584	384	1
1 	1600	384	1
1 	1600	368	1

1 	1664	400	1
1 	1680	400	1
1 	1696	400	1
1 	1664	384	1
1 	1680	384	1
1 	1664	368	1

1 	2256	304	1	
1 	2272	304	1
1 	2256	368	1
1 	2272	368	1

1 	1952	400	2
1 	1968	400	2
1 	1984	400	2
1 	2000	400	2
1 	2016	400	2
1 	2032	400	2
1 	2048	400	2

1 	1968	384	2
1 	1984	384	2
1 	2000	384	2
1 	2016	384	2
1 	2032	384	2

1 	1984	368	2
1 	2000	368	2
1 	2016	368	2
1 	2032	368	3

1 	2096	400	2
1 	2112	400	2

1 	2096	384	2


#Platform
5	0	416	16	16	39	21001	21002	21003 	

5	624	400	16	16	29	21001	21002	21003	
5	624	416	16	16	29	21004	21005	21006	

5	1152	416	16	16	22	21001	21002	21003 		

5	1536	416	16	16	5	21001	21002	21003 	

5	1664	416	16	16	36	21001	21002	21003 	

5	2256	416	16	16	35	21001	21002	21003 	

5	1408	192	16	16	4	21019	21019	21019	

5	1488	176	16	16	13	21019	21019	21019	
#PiranhaPlant
8	1800	390

#VenusFireTrap
9	360	378	1
9	1864	374	2
#PIPE
6 	360	368	1
6	360	384	2
6	360	400	2

6	1800	384	1
6	1800	400	2

6	1864	368	1
6	1864	384	2
6	1864	400	2

6	2264	384	2
6	2264	400	2

6	2264	112	1
6	2264	128	2
6	2264	144	2
6	2264	160	2
6	2264	176	2
6	2264	192	2
6	2264	208	2
6	2264	224	2
6	2264	240	2
6	2264	256	2
6	2264	272	2
6	2264	288	2

6	2328	384	1
6	2328	400	2
#Koopa
3	530	320	1	1

3	2096	360	1	1
#Goomba
2	224	400	1	1	1

2	528	340	1	1	1

2	832	384	1	1	0
2	880	384	1	1	0
2	985	376	2	2	0

#Hidden Object
7	760	330
#End game effect
11	2689	337

# MARIO
0	10 	360
