# list of object assets to load in this scene
[ASSETS]
sources/hud.txt
sources/mario.txt
sources/brick.txt
sources/coin.txt
sources/goomba.txt
sources/koopa.txt
sources/platform.txt
sources/pipe.txt
sources/leaf.txt
sources/mushroom.txt
sources/piranhaplant.txt
sources/venusfiretrap.txt
sources/fire.txt
sources/endgame.txt
sources/pswicth.txt
sources/point.txt
#
[MAPS]
sources/map/map1.txt
#
[OBJECTS]
# type	x	y	extra_settings per object type
# type: 0 = Mario , 1 = Brick, 2 = Goomba, 3 = Koopas,4 coin, 5 platform, 6 pipe, 7 HiddenObject,8 PiranhaPlant, 9 VenusFireTrap 10 SPlatform
# See OBJECT_TYPE constants in AssetIDs.h

#TELEPORT
51	2328	484	2333	350	0
#COIN
4	1073	320
4	1105	288
4	1137	256
4	1169	224	
4	1201	192

4	1329	80
4	1345	80
4	1361	80

4	1473	112
4	1489	112

4	1537	128
4	1553	128
4	1569	128
4	1585	128

4	1617	112
4	1633	112
4	1649	112
4	1665	112

4	1697	144	
4	1729	112
4	1761	128
4	1809	96
4	1841	128

4	2178	505
4	2194	489
4	2210	489
4	2226	505
4	2226	521
4	2194	537
4	2210	537
4	2226	553
4	2226	569
4	2178	569
4	2194	586
4	2210	586
#SPlatform
10 	240	368	16	16	3	21007	21008	21009	
10 	240	368	16	16	3	21007	21008	21009	
10 	272	336	16	16	3	21016	21017	21018	

10 	400	368	16	16	5	21010	21011	21012
10 	464	336	16	16	4	21007	21008	21009	
10 	512	304	16	16	4	21013	21014	21015	
10 	512	384	16	16	6	21010	21011	21012


10 	1264	385	16	16	7	21010	21011	21012
10 	1296	352	16	16	7	21007	21008	21009	
10 	1328	320	16	16	7	21016	21017	21018	

10 	2144	368	16	16	3	21007	21008	21009	
10 	2176	272	16	16	3	21010	21011	21012	

10	1312	144	16 	16	4	21007	21008	21009

10	1408	192	16	16	4	21019	21019	21019	

10	1488	176	16	16	13	21019	21019	21019	

#QuestionBrick
1 	176	352 	5
1	192	352	5
1	224	304	5
1	240	304	6
1	416	320	5
1	656	384	6
1	704	352	5
1	1472	368	6
1	1440	128	4
# BRICKS
1 	1504	336	1
1 	1520 	336	1

1 	1568	400	1
1 	1584	400	1
1 	1600	400	1
1 	1584	384	1
1 	1600	384	1
1 	1600	368	1

1 	1664	400	1
1 	1680	400	1
1 	1696	400	1
1 	1664	384	1
1 	1680	384	1
1 	1664	368	1

1 	2256	304	1	
1 	2272	304	1
1 	2256	368	1
1 	2272	368	1

1 	1952	400	2
1 	1968	400	2
1 	1984	400	2
1 	2000	400	2
1 	2016	400	2
1 	2032	400	2
1 	2048	400	2

1 	1968	384	2
1 	1984	384	2
1 	2000	384	2
1 	2016	384	2
1 	2032	384	2

1 	1984	368	2
1 	2000	368	2
1 	2016	368	2
1 	2032	368	3

1 	2096	400	2
1 	2112	400	2

1 	2096	384	2


#Platform
5	0	416	16	16	39	21001	21002	21003 	

5	624	400	16	16	29	21001	21002	21003	
5	624	416	16	16	29	21004	21005	21006	

5	1152	416	16	16	22	21001	21002	21003 		

5	1536	416	16	16	5	21001	21002	21003 	

5	1664	416	16	16	36	21001	21002	21003 	

5	2256	416	16	16	35	21001	21002	21003 	




5	1968	464	16	16	8	20301	20301	20301
5	1968	480	16	16	8	20301	20301	20301	
5	1968	496	16	16	8	20301	20301	20301	
5	1968	512	16	16	8	20301	20301	20301	
5	1968	528	16	16	8	20301	20301	20301	
5	1968	544	16	16	8	20301	20301	20301	
5	1968	560	16	16	8	20301	20301	20301	
5	1968	576	16	16	8	20301	20301	20301	
5	1968	592	16	16	8	20301	20301	20301	
5	1968	608	16	16	8	20301	20301	20301	
5	1968	624	16	16	32	20301	20301	20301	
5	1968	640	16	16	32	20301	20301	20301	

5	2128	464	16	16	12	20301	20301	20301	

5	2352	464	16	16	8	20301	20301	20301	
5	2352	480	16	16	8	20301	20301	20301	
5	2352	496	16	16	8	20301	20301	20300
5	2352	512	16	16	8	20301	20301	20301	
5	2304	528	16	16	11	20301	20301	20301	
5	2288	544	16	16	12	20301	20301	20301	
5	2272	560	16	16	13	20301	20301	20301	
5	2256	576	16	16	14	20301	20301	20301	
5	2240	592	16	16	15	20301	20301	20301	
5	2224	608	16	16	16	20301	20301	20301	
#PiranhaPlant
8	1800	390

#VenusFireTrap
9	360	378	1
9	1864	374	2
#PIPE
6 	360	368	1	0
6	360	384	2	0
6	360	400	2	0

6	1800	384	1	0
6	1800	400	2	0

6	1864	368	1	0
6	1864	384	2	0
6	1864	400	2	0

6	2264	384	2	0
6	2264	400	2	0

6	2264	112	1	1
6	2264	128	2	0
6	2264	144	2	0
6	2264	160	2	0
6	2264	176	2	0
6	2264	192	2	0
6	2264	208	2	0
6	2264	224	2	0
6	2264	240	2	0
6	2264	256	2	0
6	2264	272	2	0
6	2264	288	2	0

6	2328	384	1	0
6	2328	400	2	0
#Koopa
3	555	320	1	1

3	2096	360	1	1
#Goomba
2	224	400	1	1	1

2	528	340	1	1	1

2	832	384	1	1	0
2	880	384	1	1	0
2	985	376	2	2	0

#Hidden Object
7	760	330
#End game effect
11	2689	337

# MARIO
0	10 	360	0
# 
[HUD]

#
